 start   end    dur  centroid flat  attack decay  cen-slope  peak-vs-prior-mix  pan(L/R dB) start->end  z
  1.11   1.55  0.44     5635  0.81   0.12  0.31      -580    +14.3    +0.0   +0.0-> +0.0  12.3
  7.24   7.53  0.29     6768  0.90   0.11  0.18     +6682     -3.1    +3.7   +0.2-> +6.6   9.7
  8.24   8.48  0.24     4614  0.26   0.09  0.15     +3751     +5.2    -5.1   -3.5-> -7.2  16.0
  8.56   8.80  0.24     4988  0.24   0.08  0.16      +213     +4.4    +1.3   -1.3-> +4.5  15.7
  8.89   9.13  0.24     4866  0.33   0.08  0.16     +5793     +6.5    +1.1   +2.0-> -1.2  17.4
  9.26   9.49  0.22     4732  0.35   0.05  0.17     +7856     +3.1    +5.7   +6.3-> +4.0  14.6
 11.69  11.77  0.08     1317  0.05   0.02  0.06     -2018     +2.0    -8.6   -8.4-> -8.7   8.9
 12.51  12.67  0.16     1543  0.02   0.03  0.13     +1572     +8.9    +2.1   +1.2-> +4.0  16.2
 12.99  13.32  0.33     1217  0.05   0.15  0.18     -5232    +13.0    -0.8   -1.8-> +0.5  20.3
 13.59  13.68  0.09      533  0.04   0.03  0.06    -24910     +6.5    -0.6   -0.4-> -0.7  16.0
 14.43  14.63  0.20     1605  0.06   0.15  0.05     -2134    +13.7    +0.7   +1.5-> +0.3  19.5
 15.27  15.36  0.09      563  0.01   0.03  0.06    -13613     +7.3    -0.3   -0.2-> -0.5  16.2
 15.99  16.07  0.09      431  0.02   0.03  0.05    -16503     +9.3    -0.3   -0.2-> -0.3  16.4
 16.35  16.54  0.20     1675  0.12   0.15  0.05     -2293    +12.0    -0.4   +0.3-> -0.7  18.9
 17.43  17.51  0.09      366  0.01   0.03  0.05    -15124     +8.3    -0.7   -0.8-> -0.5  15.9
 18.27  18.47  0.20     1659  0.08   0.15  0.05     -1450    +13.1    +0.1   +1.4-> -0.5  19.4
 19.10  19.20  0.09     2887  0.54   0.03  0.06    -33019     +7.0    -0.3   -0.1-> -0.6  16.0
 19.83  19.92  0.09      374  0.02   0.03  0.06    -12865     +9.5    -0.3   -0.2-> -0.4  16.4
 20.19  20.39  0.20     1723  0.11   0.15  0.05       +87    +12.4    +0.2   +0.9-> -0.1  19.5
 21.27  21.36  0.09      347  0.01   0.03  0.06    -11767     +7.3    -0.6   -0.3-> -1.1  17.0
 22.11  22.30  0.19     1681  0.17   0.15  0.05     -7219    +12.1    -0.3   +0.1-> -0.6  20.1
 22.95  23.04  0.09      315  0.01   0.03  0.06     -8058     +7.3    -0.3   -0.2-> -0.4  17.5
 23.24  23.32  0.09     1063  0.05   0.06  0.03    -10795     -3.5    -7.5   -7.6-> -7.4   8.9
 23.67  23.75  0.09      384  0.02   0.03  0.05     -8786     +9.3    -0.0   +0.2-> -0.3  16.9
 24.03  24.22  0.20     1754  0.10   0.15  0.05     -1297    +12.0    -0.4   +0.6-> -0.9  20.2
 25.11  25.20  0.09      370  0.01   0.03  0.06    -10431     +7.9    -0.6   -0.7-> -0.5  16.3
 25.35  25.44  0.09      316  0.00   0.03  0.06     -6503     +9.1    -0.3   -0.3-> -0.4  16.3
 25.95  26.15  0.20     1461  0.04   0.15  0.05     -1174    +12.1    +0.7   +1.0-> +0.5  17.8
 26.79  26.87  0.08      315  0.01   0.03  0.05    -11046     +7.7    -0.7   -0.8-> -0.6  14.4
 27.13  27.28  0.15      904  0.09   0.10  0.05     -1418     +1.6    -3.0   -1.0-> -4.3  10.2
 28.23  28.54  0.31     1146  0.03   0.27  0.05     +4522    +12.0    -1.4   -0.3-> -2.2  17.9
 28.95  29.02  0.08     1614  0.16   0.03  0.05    -17963     +6.3    -0.7   -0.9-> -0.6  13.6
 29.79  29.98  0.19     1940  0.19   0.15  0.05     +5251    +12.7    -0.1   +1.1-> -0.7  18.4
 30.63  30.71  0.09     2114  0.17   0.03  0.05    -17922     +5.3    -0.2   -0.0-> -0.4  14.2
 31.35  31.45  0.10     1157  0.17   0.03  0.06    -12806     +6.3    +0.0   +0.2-> -0.2  14.1
 31.71  31.90  0.19     1988  0.23   0.15  0.05     -2853    +11.0    +0.1   +0.5-> -0.0  17.6
 32.79  32.87  0.08      876  0.08   0.03  0.05     -9946     +7.0    -0.0   +0.2-> -0.4  12.5
 33.63  33.81  0.18     1694  0.12   0.15  0.03     +4256    +10.5    -0.1   +0.8-> -0.6  13.0
 35.54  35.87  0.33     1251  0.18   0.16  0.17      -584    +11.1    +0.4   -0.1-> +0.8  12.6
 39.03  39.58  0.55     1241  0.26   0.51  0.04     +2063    +11.6    -1.0   -1.9-> -0.0  14.5
 40.48  40.55  0.08      971  0.10   0.02  0.05    -17140     +5.4    -0.5   -0.5-> -0.5  10.6
 41.31  41.50  0.19     1611  0.13   0.15  0.04     +4778    +10.1    -0.6   -0.2-> -0.9  14.3
 43.24  43.42  0.18     2073  0.24   0.02  0.16     +4057     +6.2    +1.4   -0.2-> +3.2  10.3
 43.59  44.04  0.45     1564  0.25   0.27  0.18      -574    +11.5    -0.4   -0.6-> -0.3  17.5
 46.59  46.93  0.35     7656  0.77   0.13  0.21     -3009     +6.0    -4.5   -4.3-> -4.7  24.2
 47.03  47.33  0.31     7681  0.79   0.27  0.04     -5766     +4.7    +1.5   +1.5-> +1.5  23.8
 48.03  48.29  0.26     8161  0.53   0.23  0.03     -5515     +1.1    -2.4   -2.9-> -2.0  13.5
 50.72  50.87  0.15     4534  0.74   0.02  0.13     +8507     +5.3    +0.7   -0.2-> +1.8   7.5
 51.20  51.38  0.18     1627  0.09   0.14  0.04      -685    +11.5    -2.0   -2.0-> -2.0  14.1
 52.64  52.82  0.18     1903  0.17   0.15  0.03     +2315    +10.3    -1.0   -1.0-> -1.0  12.2
 60.32  60.50  0.18     1938  0.19   0.15  0.03     +3982     +9.4    -0.7   +0.1-> -1.2  11.7
 62.02  62.43  0.41     1505  0.32   0.36  0.05      +174    +10.5    -2.1   -3.4-> -1.4  14.5
 64.15  64.35  0.20     1423  0.01   0.15  0.05     -1501    +12.1    -0.2   +1.6-> -1.0  20.5
 64.99  65.09  0.10      300  0.00   0.03  0.07     -9199     +9.3    -0.5   -0.4-> -0.5  20.1
 66.07  66.26  0.19     1326  0.01   0.03  0.16     -1240     +9.1    +0.9   +0.5-> +1.7  22.8
 66.42  66.98  0.56     1019  0.05   0.28  0.28     +1784    +15.1    -0.5   -0.7-> -0.4  31.7
 67.04  67.29  0.25     2819  0.18   0.15  0.10     -7290    -10.4    -4.8   -5.4-> -4.3  16.2
 67.88  68.02  0.15     2417  0.10   0.03  0.11    +11548    -21.7    -3.9   -3.7-> -4.1  14.0
