 t(s) | ST-LUFS(3s) | M-LUFS(0.4s) | side-mid dB | band dBFS: sub<60 60-250 250-2k 2-6k >6k | peak dBFS
  0.5 | -120.7 |  -88.9 | -120.0 |  -67.2  -62.1  -67.4  -64.4  -63.4 | -27.8
  1.5 | -120.7 |  -28.3 | -120.0 |  -46.9  -40.6  -42.6  -40.6  -39.1 | -18.3
  2.5 |  -32.7 |  -33.7 | -120.0 |  -54.2  -42.6  -46.5  -45.8  -43.5 | -19.8
  3.5 |  -32.4 |  -35.2 | -120.0 |  -49.4  -45.5  -50.4  -49.5  -45.4 | -23.6
  4.5 |  -36.0 |  -55.5 |    1.5 |  -52.8  -59.1  -67.1  -84.0  -99.9 | -25.7
  5.5 |  -33.5 |  -26.5 |    1.2 |  -32.8  -35.2  -40.8  -56.5  -63.3 | -13.6
  6.5 |  -30.9 |  -28.1 |    3.3 |  -60.1  -38.0  -39.4  -51.7  -55.5 | -13.1
  7.5 |  -28.6 |  -25.9 |    1.2 |  -47.1  -36.3  -36.5  -47.7  -47.3 | -13.1
  8.5 |  -26.8 |  -25.1 |   -1.5 |  -74.8  -40.0  -36.7  -34.4  -55.1 | -12.4
  9.5 |  -25.8 |  -24.6 |    0.5 |  -69.6  -37.9  -36.8  -37.8  -53.8 | -12.3
 10.5 |  -24.7 |  -22.7 |    2.2 |  -52.9  -35.1  -33.7  -47.6  -69.7 | -10.8
 11.5 |  -24.2 |  -24.2 |    0.7 |  -60.9  -37.4  -32.6  -47.1  -72.5 |  -9.8
 12.5 |  -23.1 |  -21.2 |   -0.4 |  -59.1  -34.1  -28.8  -39.4  -72.9 |  -8.0
 13.5 |  -18.6 |  -14.5 |  -16.6 |  -15.4  -18.7  -30.1  -44.9  -63.0 |  -3.0
 14.5 |  -18.3 |  -19.4 |   -2.0 |  -52.5  -36.1  -25.4  -33.4  -66.3 |  -3.2
 15.5 |  -16.5 |  -14.3 |  -12.1 |  -17.2  -20.7  -31.1  -40.6  -69.5 |  -2.8
 16.5 |  -18.2 |  -19.4 |  -12.3 |  -33.9  -35.4  -25.1  -33.8  -64.6 |  -3.1
 17.5 |  -17.3 |  -14.6 |  -12.7 |  -15.7  -18.6  -29.9  -48.9  -75.0 |  -3.1
 18.5 |  -19.4 |  -19.6 |   -2.6 |  -53.7  -33.9  -25.9  -34.7  -50.4 |  -3.0
 19.5 |  -17.4 |  -18.5 |  -16.3 |  -23.7  -27.4  -32.2  -44.8  -48.4 |  -2.7
 20.5 |  -18.3 |  -19.8 |   -4.5 |  -55.7  -34.1  -27.6  -36.3  -47.4 |  -3.2
 21.5 |  -17.2 |  -14.3 |   -9.8 |  -17.1  -20.5  -32.0  -46.9  -69.2 |  -3.0
 22.5 |  -18.0 |  -20.3 |   -5.7 |  -33.3  -31.0  -30.0  -39.8  -68.5 |  -3.1
 23.5 |  -17.0 |  -22.8 |  -14.7 |  -22.0  -23.4  -30.4  -45.2  -71.4 |  -2.5
 24.5 |  -18.2 |  -24.0 |   -3.0 |  -50.4  -34.0  -30.9  -41.8  -69.6 |  -3.6
 25.5 |  -17.3 |  -13.5 |  -16.1 |  -15.3  -19.1  -30.2  -46.5  -74.7 |  -3.0
 26.5 |  -17.4 |  -24.8 |  -12.5 |  -32.1  -30.0  -32.1  -45.4  -72.5 |  -2.9
 27.5 |  -17.3 |  -22.4 |   -1.7 |  -46.1  -30.7  -30.8  -45.1  -70.4 |  -9.1
 28.5 |  -17.3 |  -13.7 |  -13.6 |  -18.3  -22.1  -25.1  -35.1  -70.3 |  -3.0
 29.5 |  -17.5 |  -19.1 |  -12.7 |  -25.8  -22.0  -31.7  -43.7  -53.3 |  -2.8
 30.5 |  -16.2 |  -19.2 |  -13.6 |  -17.5  -20.4  -29.8  -47.6  -52.3 |  -2.9
 31.5 |  -16.6 |  -14.0 |  -12.9 |  -15.1  -19.2  -28.1  -41.3  -55.0 |  -2.5
 32.5 |  -15.9 |  -18.0 |  -12.9 |  -16.7  -28.4  -31.4  -44.4  -51.5 |  -1.9
 33.5 |  -16.1 |  -17.6 |  -11.1 |  -20.8  -21.9  -27.7  -38.0  -51.9 |  -2.6
 34.5 |  -15.5 |  -12.5 |  -14.1 |  -13.5  -17.2  -26.8  -44.8  -51.0 |  -1.5
 35.5 |  -14.6 |  -12.2 |  -11.8 |  -18.1  -19.1  -20.7  -32.4  -49.8 |  -0.9
 36.5 |  -13.8 |  -15.6 |  -15.0 |  -19.2  -17.3  -24.1  -43.5  -52.0 |  -0.7
 37.5 |  -14.3 |  -15.7 |  -11.7 |  -20.9  -20.9  -24.4  -33.7  -52.4 |  -2.2
 38.5 |  -15.1 |  -14.2 |   -9.9 |  -16.0  -19.7  -29.8  -45.2  -52.4 |  -2.8
 39.5 |  -15.4 |  -13.6 |   -4.8 |  -16.0  -25.8  -24.5  -32.9  -53.7 |  -0.5
 40.5 |  -14.7 |  -14.0 |  -14.1 |  -14.8  -17.7  -27.7  -44.8  -54.1 |  -3.0
 41.5 |  -15.5 |  -17.9 |   -8.4 |  -24.0  -23.0  -25.1  -36.0  -54.7 |  -4.4
 42.5 |  -16.0 |  -14.4 |  -13.8 |  -17.6  -25.0  -32.1  -38.8  -53.0 |  -2.8
 43.5 |  -15.9 |  -18.3 |  -14.2 |  -18.4  -18.7  -25.8  -39.0  -51.7 |  -2.2
 44.5 |  -16.2 |  -19.8 |  -15.1 |  -18.9  -28.9  -34.8  -46.9  -63.2 |  -2.9
 45.5 |  -17.6 |  -23.2 |  -11.4 |  -30.0  -25.9  -40.1  -56.0  -84.1 | -13.2
 46.5 |  -22.3 |  -24.8 |   -7.2 |  -31.4  -27.6  -38.7  -44.8  -42.7 | -11.0
 47.5 |  -24.9 |  -27.0 |   -6.2 |  -30.9  -37.3  -39.2  -45.2  -44.6 | -10.8
 48.5 |  -26.1 |  -27.7 |   -6.2 |  -29.6  -40.4  -38.5  -48.4  -51.0 | -11.4
 49.5 |  -26.4 |  -25.5 |   -0.9 |  -42.3  -38.6  -34.4  -42.1  -44.4 | -15.6
 50.5 |  -24.3 |  -22.2 |   -1.2 |  -57.2  -33.1  -31.0  -36.1  -39.2 |  -8.7
 51.5 |  -18.5 |  -14.0 |  -14.3 |  -15.8  -18.6  -26.6  -37.2  -62.2 |  -3.0
 52.5 |  -17.1 |  -17.8 |   -9.7 |  -17.9  -29.9  -26.9  -36.5  -51.2 |  -3.2
 53.5 |  -15.5 |  -13.0 |   -9.8 |  -14.6  -18.4  -25.6  -39.6  -50.9 |  -1.7
 54.5 |  -15.4 |  -13.1 |  -11.0 |  -16.1  -22.9  -25.5  -34.0  -53.2 |  -2.9
 55.5 |  -15.0 |  -17.2 |  -10.0 |  -19.7  -19.4  -27.4  -38.8  -51.8 |  -3.0
 56.5 |  -15.6 |  -16.5 |   -9.5 |  -17.1  -30.3  -24.7  -33.4  -38.5 |  -3.5
 57.5 |  -15.8 |  -13.9 |  -12.1 |  -15.7  -19.4  -27.9  -42.7  -52.2 |  -3.0
 58.5 |  -15.9 |  -16.6 |  -12.9 |  -19.3  -25.7  -24.6  -33.0  -53.3 |  -3.0
 59.5 |  -15.4 |  -13.8 |  -13.2 |  -14.9  -18.7  -28.1  -38.8  -52.5 |  -2.9
 60.5 |  -16.1 |  -16.4 |   -8.5 |  -18.1  -31.1  -24.8  -33.6  -52.2 |  -2.8
 61.5 |  -15.4 |  -14.1 |  -13.7 |  -20.1  -21.5  -28.0  -40.3  -52.7 |  -0.9
 62.5 |  -15.8 |  -16.3 |  -10.0 |  -30.9  -22.2  -25.5  -32.7  -48.8 |  -1.9
 63.5 |  -15.0 |  -12.9 |  -16.8 |  -12.5  -17.2  -28.4  -47.6  -60.7 |  -1.4
 64.5 |  -16.2 |  -21.9 |   -4.0 |  -61.9  -35.7  -29.4  -40.7  -81.1 |  -4.6
 65.5 |  -17.3 |  -25.7 |  -14.2 |  -34.0  -34.6  -34.0  -52.7  -82.7 |  -3.1
 66.5 |  -17.7 |  -14.5 |  -19.1 |  -15.6  -18.5  -26.3  -36.8  -73.6 |  -3.1
 67.5 |  -19.2 |  -31.3 |   -3.8 |  -79.1  -47.1  -37.7  -58.6  -75.8 | -13.3
 68.5 |  -19.7 |  -41.9 |   -1.0 | -102.6  -69.8  -47.6  -68.6  -87.7 | -30.0
