
scribble end / pre-reveal gap: t | sub30-60 | hat8-16k | mid250-2k | broadband (dB, 20 ms smoothing), every 50 ms
    3.80    3.8   12.7   13.9  -44.1
    3.85    4.0   15.5   15.1  -39.8
    3.90    4.8   16.2   16.0  -41.3
    3.95    6.1   12.0   15.4  -45.5
    4.00   -0.1    3.6   10.1  -48.0
    4.05   -9.5  -15.6   -8.4  -60.9
    4.10  -24.2  -44.9  -32.8  -85.9
    4.15  -52.6  -67.9  -53.7 -120.0
    4.20  -52.2  -60.9  -45.5 -114.4
    4.25  -24.3  -44.9  -24.7  -83.3
    4.30  -11.0  -41.5  -16.8  -62.8
    4.35   -7.4  -40.8  -12.4  -68.5
    4.40    1.6  -40.4   -8.6  -55.9
    4.45    7.9  -39.4   -5.6  -45.6
    4.50   11.5  -38.5   -3.7  -52.8
    4.55   12.7  -38.6   -2.6  -49.9
    4.60   10.7  -37.8   -1.5  -53.9

music entry: t | sub30-60 | hat8-16k | mid250-2k | broadband (dB, 20 ms smoothing), every 50 ms
    5.60   24.6    1.3   17.3  -37.2
    5.65   23.0    3.5   15.3  -38.2
    5.70   19.0    4.7   13.4  -35.6
    5.75   15.6    5.3   12.1  -37.4
    5.80   16.8    5.4   10.4  -44.2
    5.85   16.5    6.6    8.3  -43.7
    5.90   15.5    7.6    7.2  -45.6
    5.95   11.6    8.2    7.7  -48.2
    6.00    6.7    8.9    7.8  -49.6
    6.05    5.6    9.1   12.9  -46.2
    6.10    9.6    8.7   16.3  -39.8
    6.15    9.8    8.7   15.1  -43.5
    6.20   11.6    8.6   15.0  -44.7
    6.25    9.0    7.9   16.1  -43.0
    6.30    3.1    8.1   17.1  -44.6
    6.35    1.4    8.5   19.2  -44.5
    6.40    1.3    8.1   24.9  -41.9

groove A entry vs cut 13.458: t | sub30-60 | hat8-16k | mid250-2k | broadband (dB, 20 ms smoothing), every 50 ms
   12.90   -9.6  -12.2   29.1  -26.0
   12.95   -7.2   -8.7   31.9  -31.0
   13.00    2.6  -10.0   38.3  -32.2
   13.05    0.8   -8.6   37.2  -31.0
   13.10    1.9   -9.7   38.0  -34.3
   13.15   13.7  -10.8   42.0  -19.7
   13.20   11.0  -11.2   35.9  -28.7
   13.25   30.3  -13.9   37.2  -32.0
   13.30   53.0  -11.6   34.1   -6.4
   13.35   49.1  -10.2   30.0  -17.4
   13.40   45.7   -8.7   30.3  -17.2
   13.45   41.4   -7.0   30.5  -21.9
   13.50   24.0   -4.7   30.9  -33.5
   13.55    8.6   -5.0   31.1  -34.2
   13.60   24.7  -10.1   36.6  -38.5
   13.65   51.0  -16.5   36.1   -6.2
   13.70   50.3  -18.4   28.2  -10.1

drop B entry: t | sub30-60 | hat8-16k | mid250-2k | broadband (dB, 20 ms smoothing), every 50 ms
   28.60   -3.9  -12.3   33.9  -27.6
   28.65   -6.4   -6.2   32.3  -32.8
   28.70   -1.9   -3.9   32.6  -30.9
   28.75    1.0   -5.5   32.4  -32.3
   28.80    1.5   -8.8   32.1  -32.3
   28.85    2.3   -7.9   31.5  -33.0
   28.90    6.4   -6.3   30.7  -32.7
   28.95   21.5    5.0   35.9  -34.3
   29.00   47.7    9.8   37.4   -7.9
   29.05   52.2  -12.0   30.6   -8.0
   29.10   47.4  -23.4   27.2  -18.0
   29.15   45.1  -13.5   27.8  -18.0
   29.20   41.8    7.2   31.5  -18.3
   29.25   41.9    9.0   33.8  -19.0
   29.30   41.4   -8.2   33.5  -19.4
   29.35   40.9  -11.0   32.8  -20.6
   29.40   40.3   -4.1   31.5  -21.0

breakdown entry: t | sub30-60 | hat8-16k | mid250-2k | broadband (dB, 20 ms smoothing), every 50 ms
   44.00   49.3    4.8   37.6   -7.6
   44.05   52.0    5.5   32.5   -8.0
   44.10   47.6   19.3   31.4  -20.1
   44.15   47.9    9.6   32.3  -14.0
   44.20   43.5    6.8   33.1  -21.5
   44.25   41.4    5.0   32.8  -18.1
   44.30   41.1   -6.6   31.2  -19.0
   44.35   42.6  -15.1   29.5  -25.9
   44.40   46.0  -19.0   30.1  -17.0
   44.45   46.7  -19.9   30.9  -17.0
   44.50   46.8  -21.5   29.7  -17.1
   44.55   46.7  -22.0   28.1  -17.6
   44.60   46.6  -21.8   28.4  -18.0
   44.65   46.4  -21.0   30.0  -18.4
   44.70   46.2  -18.3   31.0  -18.4
   44.75   46.0  -20.9   30.4  -17.8
   44.80   45.5  -25.1   29.4  -17.6
   44.85   44.6  -26.6   28.3  -18.4
   44.90   44.1  -25.7   27.3  -19.3

pre-drop-2 gap + drop 2: t | sub30-60 | hat8-16k | mid250-2k | broadband (dB, 20 ms smoothing), every 50 ms
   50.90   -4.7   22.7   34.3  -28.4
   50.95   -9.9   13.1   31.7  -34.1
   51.00  -10.1    3.1   32.0  -29.9
   51.05   -8.3   -2.1   33.3  -24.9
   51.10   -8.8   -3.2   33.8  -27.6
   51.15  -13.1   -3.0   34.8  -27.8
   51.20   -4.5   -4.0   38.5  -28.7
   51.25    0.3   -4.2   38.4  -29.2
   51.30    1.8   -4.8   38.6  -30.2
   51.35    8.9   -4.2   41.7  -17.8
   51.40    2.5   -5.1   37.0  -28.4
   51.45   26.4   -8.5   38.0  -31.9
   51.50   52.3   -8.9   35.9   -6.8
   51.55   49.3   -6.9   32.5  -12.1
   51.60   45.7   -4.0   33.2  -16.8
   51.65   42.2   -2.1   34.3  -18.7
   51.70   25.2   -0.2   35.0  -28.7
   51.75    3.7    0.9   35.5  -27.4
   51.80   18.1    7.2   38.8  -34.0
   51.85   49.9    5.2   37.0   -7.8
   51.90   51.0   -6.0   31.1   -9.4

outro entry: t | sub30-60 | hat8-16k | mid250-2k | broadband (dB, 20 ms smoothing), every 50 ms
   63.00   42.8    3.7   37.8  -22.8
   63.05   43.3    6.7   37.8  -24.5
   63.10   43.6   18.0   37.2  -24.1
   63.15   43.8   10.1   36.4  -22.3
   63.20   43.8    8.0   35.2  -19.8
   63.25   43.6    6.2   34.9  -19.2
   63.30   43.6    0.7   37.1  -20.1
   63.35   49.8    4.8   39.0  -11.9
   63.40   54.7   -5.1   33.0   -6.4
   63.45   48.8  -11.3   28.8  -19.5
   63.50   47.6  -12.0   28.5  -12.2
   63.55   43.6   -3.2   34.9  -28.5
   63.60   49.4    0.7   38.0   -8.4
   63.65   52.6  -15.5   30.9   -7.5
   63.70   47.0  -20.7   28.2  -19.7
   63.75   45.6  -25.7   24.7  -14.8
   63.80   32.0  -22.2   28.5  -38.3
peak abs 4.0-4.35s: -41.5 dBFS
peak abs 0-0.6s: -68.7 dBFS
peak abs 68.8-69.06s: -41.5 dBFS
